3140
3305
3308
3310
3311
3314
3319
3320
3321
3322
3323
3324
3327
3328
3342
3344
3346
3347
3348
3349
3350
3351
3352
3353
3354
3355
3356
3357
3358
3363
3364
3365
3366
3368
3369
3370
3381
3398
3399
3400
3401
3402
3405
3406
3407
3420
3421
3422
3425
3426
3427
3428
3434
3435
3436
3437
3438
3439
3440
3441
3442
3443
3447
3450
3451
3452
3444
3445
3446
3453
3454
3455
3488
3489
3490
3491
3492
3493
3494
3495
3496
3497
3498
3499
3500
3501
3502
3503
3504
3505
3506
3507
3524
3525
3526
3527
3528
3529
3530
3531
3532
3533
3534
3535
3536
3537
3538
3539
3540
3541
3543
3545
3546
3547
3548
3549
3550
3551
3552
3553
3554
3555
3556
3557
3558
3559
3560
3561
3562
3563
3566
3567
3568
3569
3570
3571
3572
3573
3574
3575
3576
3595
3596
3602
3603
3604
3605
3606
3607
3608
3622
3623
3624
3625
3626
3629
3630
3631
3632
3633
3634
3635
3636
3640
3641
3649
3650
3651
3652
3653
3654
3655
3656
3657
3658
3659
3660
3661
3663
3664
3666
3670
3671
3672
3673
3674
3675
3676
3678
3679
3680
3681
3682
3683
3684
3685
3686
3687
3688
3689
3690
3691
3692
3693
3694
3698
3699
3702
3703
3706
3709
3710
3711
3712
3713
3714
3715
3716
3717
3718
3719
3720
3721
3722
3754
3755
3756
3757
3758
3759
3760
3761
3762
3763
3764
3765
3766
3767
3768
3769
3770
3771
3772
3773
3774
3776
3777
3778
3779
3780
3781
3782
3783
3784
3785
3786
3787
3788
3791
3803
3804
3805
3806
3807
3808
3809
3810
3811
3812
3813
3814
3815
3816
3817
3818
3819
3820
3821
3822
3823
3824
3825
3826
3827
3828
3829
3830
3834
3835
3836
3837
3838
3839
3840
3841
3842
3853
3854
3855
3856
3857
3858
3859
3860
3861
3862
3863
3864
3865
3866
3874
3875
3877
3878
3879
3880
3881
3884
3885
3886
3887
3888
3889
3890
3891
3892
3893
3897
3898
3899
3900
3901
3902
3903
3905
3906
3907
3909
3910
3911
3913
3914
3915
3916
3918
3919
3920
3921
3922
3923
3924
3925
3926
3927
3931
3932
3933
3934
3935
3936
3937
3938
3939
3940
3941
3942
3943
3944
3945
3946
3947
3948
3949
3950
3951
3952
3953
3954
3955
3956
3957
3958
3959
3960
3961
3962
3963
3964
3965
3966
3967
3968
3969
3975
3976
3977
3981
3982
3983
3984
3985
3986
3987
3994
3995
3996
3997
3998
3999
4000
4001
4002
4003
4004
4005
4007
4008
4009
4010
4011
4012
4013
4015
4016
4017
4018
4019
4020
4021
4022
4023
4024
4025
4026
4027
4028
4029
4030
4031
4032
4033
4034
4035
4036
4037
4039
4040
4041
4042
4043
4044
4045
4046
4047
4048
4049
4050
4051
4052
4053
4054
4055
4056
4058
4059
4060
4061
4066
4067
4068
4069
4070
4071
4072
4073
4074
4075
4076
4077
4078
4079
4080
4081
4082
4083
4084
4085
4086
4087
4088
4089
4090
4091
4092
4093
4143
4144
4145
4146
4147
4148
4149
4150
4151
4152
4153
4154
4155
4156
4157
4158
4159
4160
4163
4164
4165
4166
4169
4170
4171
4174
4175
4177
4178
4179
4180
4181
4186
4187
4188
4189
4190
4191
4192
4193
4195
4196
4197
4198
4199
4200
4201
4204
4205
4206
4207
4215
4216
4217
4218
4219
4221
4222
4223
4224
4225
4226
4230
4231
4232
4233
4234
4235
4236
4237
4238
4239
4240
4241
4242
4243
4244
4245
4246
4247
4248
4249
4250
4251
4252
4253
4254
4255
4256
4257
4259
4260
4263
4264
4265
4266
4267
4268
4269
4270
4271
4272
4273
4274
4275
4276
4277
4278
4279
4280
4281
4282
4283
4284
4285
4286
4287
4288
4289
4290
4291
4292
4293
4294
4295
4296
4297
4298
4299
4300
4301
4306
4307
4308
4310
4313
4316
4317
4318
4319
4320
4321
4322
4323
4324
4325
4326
4329
4330
4331
4332
4333
4334
4335
4336
4337
4338
4339
4340
4341
4342
4343
4344
4345
4346
4347
4348
4349
4350
4351
4352
4353
4354
4355
4356
4357
4358
4359
4360
4361
4362
4363
4364
4365
4366
4367
4369
4370
4372
4373
4374
4392
4393
4394
4395
4396
4397
4398
4399
4400
4401
4402
4403
4404
4405
4406
4439
4440
4441
4442
4450
4467
4468
4469
4470
4471
4472
4473
4474
4475
4476
4479
4480
4481
4482
4483
4484
4485
4486
4487
4488
4489
4491
4492
4493
4496
4497
4498
4499
4500
4501
4502
4503
4504
4505
4506
4507
4508
4509
4510
4511
4512
4513
4514
4515
4516
4517
4518
4519
4520
4521
4522
4523
4524
4525
4526
4527
4528
4529
4530
4531
4532
4533
4534
4535
4536
4537
4538
4539
4540
4541
4542
4543
4544
4545
4546
4547
4548
4549
4550
4551
4552
4553
4554
4555
4556
4557
4558
4559
4560
4561
4562
4563
4564
4565
4566
4567
4568
4569
4570
4571
4572
4575
4576
4577
4578
4579
4580
4581
4582
4583
4584
4585
4586
4587
4588
4589
4590
4591
4592
4593
4594
4595
4596
4621
4622
4623
4624
4625
4626
4627
4628
4629
4630
4631
4632
4633
4634
4635
4636
4637
4659
4660
4661
4662
4663
4664
4665
4666
4667
4668
4669
4670
4671
4672
4673
4674
4677
4678
4679
4680
4681
4682
4683
4684
4687
4688
4689
4695
4696
4697
4698
4699
4700
4701
4702
4703
4704
4705
4706
4707
4722
4723
4724
4725
4726
4727
4728
4729
4730
4731
4732
4733
4734
4735
4736
4737
4738
4739
4740
4741
4742
4743
4744
4745
4746
4747
4748
4749
4750
4751
4752
4753
4754
4755
4756
4757
4760
4761
4762
4763
4764
4765
4766
4767
4768
4769
4770
4771
4772
4773
4774
4775
4776
4777
4778
4779
4780
4781
4782
4783
4784
4785
4786
4787
4788
4789
4790
4796
4797
4798
4799
4800
4801
4802
4803
4804
4805
4809
4812
4813
4814
4815
4816
4817
4818
4819
4820
4821
4824
4825
4826
4827
4828
4829
4830
4831
4832
4833
4834
4835
4836
4837
4838
4839
4840
4841
4843
4844
4845
4846
4847
4848
4849
4850
4851
4852
4853
4854
4855
4860
4861
4862
4863
4864
4865
4867
4868
4871
4872
4873
4874
4875
4876
4877
4878
4879
4880
4881
4882
4883
4884
4885
4886
4887
4889
4890
4891
4892
4893
4894
4895
4897
4898
4899
4903
4904
4905
4906
4907
4908
4910
4911
4916
4917
4918
4919
4920
4921
4922
4923
4924
4925
4926
4927
4928
4929
4930
4931
4932
4933
4934
4935
4936
4971
4972
4973
4974
4975
4976
4977
4978
4979
4980
