5408
5439
5440
5441
5442
5443
5445
5446
5447
5448
5449
5451
5453
5454
5455
5456
5457
5458
5459
5460
5461
5462
5463
5464
5465
5466
5467
5468
5469
5471
5472
5473
5474
5475
5476
5477
5478
5486
5488
5489
5576
5581
5582
5583
5613
5616
5619
5620
5636
5637
5639
5640
5641
5642
5643
5644
5645
5646
5648
5649
5650
5651
5652
5653
5655
5656
5749
5750
5751
5752
5753
5757
5770
5771
5772
5773
5774
5775
5776
5777
5778
5786
5787
5788
5789
5790
5791
5792
5793
5794
5795
5796
5797
5798
5799
5800
5801
5802
5803
5804
5805
5806
5807
5815
5816
5808
5809
5810
5811
5812
5813
5814
5817
5818
5819
5915
5916
5917
5918
5919
5921
5922
5923
5924
5928
5929
5942
5943
5944
5950
5952
5953
5954
5955
5956
5957
5958
5959
5960
5961
5962
5963
5964
5965
5966
5967
5968
5969
5970
5971
6033
6034
6036
6085
6089
6090
6091
6093
6094
6098
6099
6102
6103
6104
6105
6106
6107
6108
6109
6110
6116
6118
6119
6120
6121
6122
6123
6124
6125
6126
6127
6128
6129
6130
6131
6132
6133
6134
6135
6136
6159
6160
6162
6163
6164
6165
6166
6168
6176
6177
6178
6179
6185
6186
6187
6193
6194
6195
6202
6203
6204
6205
6207
6208
6209
6211
6213
6214
6215
6216
6217
6218
6235
6237
6238
6239
6240
6241
6248
6249
6252
6255
6256
6257
6258
6259
6284
6285
6314
6315
6316
6317
6318
6319
6320
6321
6328
6329
6334
6424
6427
6428
6429
6430
6431
6432
6433
6435
6436
6437
6439
6440
6441
6443
6444
6445
6446
6447
6448
6449
6451
6452
6455
6456
6457
6458
6459
6460
6461
6462
6463
6464
6514
6515
6516
6517
6518
6519
6520
6522
6526
6527
6528
6529
6530
6531
6532
6533
6534
6535
6536
6537
6538
6539
6540
6541
6542
6543
6544
6545
6564
6565
6566
6567
6571
6572
6573
6574
6575
6576
6577
6578
6579
6581
6584
6585
6586
6587
6588
6589
6590
6591
6592
6594
6597
6598
6599
6600
6607
6608
6610
6627
6628
6629
6630
6631
6632
6612
6613
6614
6615
6616
6617
6618
6619
6620
6621
6622
6623
6625
6633
6636
6637
6638
6639
6644
6645
6646
6647
6650
6662
6663
6664
6665
6666
6667
6668
6669
6670
6671
6672
6673
6685
6691
6693
6694
6695
6696
6711
6712
6713
6723
6724
6725
6726
6727
6728
6729
6730
6753
6754
6755
6756
6762
6764
6765
6768
6769
6781
6782
6783
6784
6785
6786
6787
6788
6789
6790
6791
6792
6793
6794
6795
6796
6797
6798
6799
6800
6801
6802
6803
6804
6805
6806
6808
6809
6810
6811
6812
6813
6814
6815
6816
6817
6818
6819
6820
6821
6822
6823
6824
6825
6826
6827
6853
6854
6864
6865
6866
6867
6868
6883
6884
6885
6886
6887
6888
6889
6890
6891
6892
6893
6894
6895
6896
6909
6910
6913
6914
6915
6916
6917
6918
6919
6920
6921
6922
6923
6924
6925
6926
6927
6928
6929
6932
6933
6934
6935
6936
6937
6938
6939
6940
6941
6942
6943
6944
6945
6946
6947
6948
6949
6950
6951
6953
6954
6955
6956
6959
6960
6961
6962
6963
6964
6965
6966
6967
6968
6969
6970
6971
6972
6973
6974
6975
6976
6977
6978
6980
6981
6982
6983
6987
6988
6989
6991
6992
6994
6995
6996
6997
6998
6999
7000
7001
7002
7003
7004
7005
7006
7007
7008
7010
7011
7012
7013
7014
7015
7016
7017
7018
7019
7020
7021
7022
7024
7025
7026
7040
7041
7044
7045
7046
7047
7048
7058
7059
7060
7062
7063
7064
7065
7066
7067
7068
7069
7070
7071
7072
7073
7074
7075
7076
7077
7079
7080
7081
7082
7083
7086
7087
7088
7089
7090
7091
7092
7093
7094
7095
7096
7097
7098
7099
7100
7106
7107
7108
7110
7113
7114
7115
7118
7119
7120
7122
7127
7128
7129
7130
7131
7139
7140
7141
7142
7143
7144
7145
7146
7147
7148
7149
7150
7151
7152
7154
7155
7156
7157
7158
7159
7160
7161
7162
7163
7165
7167
7168
7169
7170
7171
7172
7173
7174
7175
7176
7180
7181
7183
7184
7185
7186
7187
7188
7189
7190
7191
7192
7193
7195
7196
7207
7208
7209
7210
7211
7212
7213
7214
7215
7216
7226
7228
7229
7230
7235
7236
7237
7238
7239
7241
7242
7243
7244
7245
7246
7247
7248
7249
7251
7252
7253
7255
7256
7257
7258
7259
7260
7261
7262
7263
7264
7265
7266
7267
7268
7283
7284
7285
7286
7287
7288
7289
7292
7295
7307
7311
7312
7313
7314
7315
7316
7317
7318
7319
7320
7321
7322
7323
7324
7326
7328
7331
7332
7333
7336
7337
7338
7339
7340
7341
7342
7343
7344
7345
7346
7348
7349
7350
6348
6380
6381
6382
6383
6384
6385
6394
6395
6396
6405
6406
6407
6408
