549,7
569,7
570,7
572,7
573,7
608,-1
618,-1
663,-1
1015,-1
1337,-1
1417,-1
1423,-1
1433,-1
1434,-1
1440,-1
1441,-1
1449,-1
1453,-1
1821,-1
1822,-1
1823,-1
1824,-1
1825,-1
1826,-1
1827,-1
1828,-1
1829,-1
1830,-1
1831,-1
1832,-1
1833,-1
1834,-1
1835,-1
1836,-1
1837,-1
1838,-1
1839,-1
1840,-1
1841,-1
1842,-1
1843,-1
1844,-1
1845,-1
1846,-1
1847,-1
1848,-1
1882,-1
1956,-1
1966,-1
2184,-1
2185,-1
2186,-1
2189,-1
2190,-1
2197,-1
2198,-1
2213,-1
2215,-1
2231,-1
2255,-1
2332,-1
2335,-1
2337,-1
2408,-1
2409,-1
2436,-1
2437,-1
2438,-1
2532,-1
2533,-1
2691,-1
2692,-1
2773,-1
2843,-1
3015,-1
3026,-1
3027,-1
3028,-1
3217,-1
3271,-1
3272,-1
3344,-1
3359,-1
3360,-1
3670,-1
3808,-1
3809,-1
4633,7
4641,7
4644,7
4645,7
4662,7
4667,7
4668,7
4671,7
4686,7
