3425
3426
3427
3428
3595
3596
3602
3603
3604
3605
3606
3607
3622
3623
3624
3625
3626
3629
3640
3641
3649
3650
3651
3652
3653
3654
3655
3656
3657
3658
3659
3660
3663
3664
3666
3670
3671
3672
3673
3674
3675
3676
3678
3679
3680
3681
3682
3683
3684
3685
3686
3687
3688
3689
3690
3691
3692
3693
3694
3698
3699
3702
3703
3706
3709
3710
3711
3712
3713
3714
3715
3716
3717
3754
3755
3756
3757
3758
3759
3760
3761
3762
3763
3764
3765
3766
3767
3768
3769
3770
3771
3772
3773
3774
3776
3777
3778
3779
3780
3781
3782
3783
3784
3785
3786
3787
3788
3791
3803
3804
3805
3806
3807
3808
3809
3810
3811
3822
3823
3824
3825
3826
3827
3828
3829
3830
3834
3835
3836
3837
3838
3839
3840
3841
3842
3853
3854
3855
3856
3857
3858
3859
3860
3861
3862
3863
3864
3865
3866
3874
3875
3877
