3136	0	
3137	0	
3139	0	
3140	0	
3146	0	
3288	0	
3289	0	
3290	0	
3291	0	
3292	0	
3305	1	
3307	1	
3308	1	
3310	1	
3311	1	
3314	1	
3316	1	
3318	1	
3319	1	
3320	1	
3321	1	
3322	1	
3323	1	
3324	1	
3327	1	
3328	1	
3342	1	
3343	1	
3344	1	
3346	2	
3347	2	
3348	2	
3349	2	
3350	2	
3351	2	
3352	2	
3353	2	
3354	2	
3355	2	
3356	2	
3357	2	
3358	2	
3363	2	
3364	2	
3365	2	
3366	2	
3368	2	
3369	2	
3370	2	
3381	2	
3398	3	
3399	3	
3400	3	
3401	3	
3402	3	
3403	3	
3404	4	
3405	4	
3406	4	
3407	4	
3419	4	
3420	4	
3421	4	
3422	4	
3425	5	
3426	5	
3427	5	
3428	5	
3433	5	
3434	6	
3435	6	
3436	6	
3437	6	
3438	6	
3439	6	
3440	6	
3441	6	
3442	6	
3443	6	
3444	7	
3445	7	
3446	7	
3447	6	
3450	6	
3451	6	
3452	6	
3453	8	
3454	8	
3455	8	
3486	8	
3487	8	
3488	8	
3489	8	
3490	8	
3491	8	
3492	8	
3493	8	
3494	8	
3495	8	
3496	8	
3497	8	
3498	8	
3499	8	
3500	8	
3501	8	
3502	8	
3503	8	
3504	8	
3505	8	
3506	8	
3507	8	
3524	9	
3525	9	
3526	9	
3527	9	
3528	9	
3529	9	
3530	9	
3531	9	
3532	9	
3533	9	
3534	9	
3535	9	
3536	9	
3537	9	
3538	9	
3539	9	
3540	9	
3541	9	
3543	10	
3544	10	
3545	10	
3546	10	
3547	10	
3548	10	
3549	10	
3550	10	
3551	10	
3552	10	
3553	10	
3554	10	
3555	10	
3556	10	
3557	10	
3558	10	
3559	10	
3560	10	
3561	10	
3562	10	
3563	10	
3564	11	
3565	11	
3566	11	
3567	11	
3568	11	
3569	11	
3570	11	
3571	11	
3572	11	
3573	11	
3574	11	
3575	11	
3576	11	
3593	12	
3595	12	
3596	12	
3601	12	
3602	12	
3603	12	
3604	12	
3605	12	
3606	12	
3607	12	
3608	12	
3622	13	
3623	13	
3624	13	
3625	13	
3626	13	
3628	13	
3629	13	
3630	13	
3631	13	
3632	13	
3633	13	
3634	13	
3635	13	
3636	13	
3640	13	
3641	13	
3647	14	
3648	14	
3649	14	
3650	14	
3651	14	
3652	14	
3653	14	
3654	14	
3655	14	
3656	14	
3657	14	
3658	14	
3659	14	
3660	14	
3661	14	
3663	14	
3664	14	
3666	14	
3669	15	
3670	15	
3671	15	
3672	15	
3673	15	
3674	15	
3675	15	
3676	15	
3678	16	
3679	16	
3680	16	
3681	16	
3682	16	
3683	16	
3684	16	
3685	16	
3686	17	
3687	17	
3688	17	
3689	17	
3690	17	
3691	17	
3692	18	
3693	18	
3694	18	
3698	18	
3699	18	
3702	18	
3703	18	
3705	18	
3706	18	
3707	18	
3708	18	
3709	18	
3710	18	
3711	18	
3712	19	
3713	19	
3714	19	
3715	19	
3716	19	
3717	19	
3718	20	
3719	20	
3720	20	
3721	20	
3722	20	
3754	21	
3755	21	
3756	21	
3757	21	
3758	21	
3759	21	
3760	21	
3761	21	
3762	21	
3763	21	
3764	22	
3765	22	
3766	22	
3767	22	
3768	22	
3769	23	
3770	23	
3771	23	
3772	23	
3773	23	
3774	23	
3775	24	
3776	24	
3777	24	
3778	24	
3779	24	
3780	24	
3781	24	
3782	24	
3783	24	
3784	24	
3785	24	
3786	24	
3787	25	
3788	25	
3791	25	
3803	26	
3804	26	
3805	26	
3806	26	
3807	26	
3808	26	
3809	26	
3810	26	
3811	27	
3812	27	
3813	27	
3814	27	
3815	27	
3816	27	
3817	27	
3818	27	
3819	27	
3820	27	
3821	27	
3822	27	
3823	27	
3824	28	
3825	28	
3826	28	
3827	28	
3828	28	
3829	28	
3830	28	
3834	28	
3835	28	
3836	28	
3837	28	
3838	28	
3839	28	
3840	28	
3841	29	
3842	29	
3843	29	
3853	29	
3854	29	
3855	29	
3856	29	
3857	29	
3858	29	
3859	29	
3860	29	
3861	29	
3862	29	
3863	30	
3864	30	
3865	30	
3866	30	
3874	30	
3875	30	
3877	30	
3878	30	
3879	30	
3880	30	
3881	30	
3882	30	
3884	31	
3885	31	
3886	31	
3887	31	
3888	31	
3889	31	
3890	31	
3891	31	
3892	31	
3893	31	
3897	32	
3898	32	
3899	32	
3900	32	
3901	32	
3902	32	
3903	32	
3905	32	
3906	32	
3907	32	
3909	32	
3910	32	
3911	32	
3913	32	
3914	32	
3915	32	
3916	32	
3918	32	
3919	32	
3920	32	
3921	32	
3922	32	
3923	32	
3924	32	
3925	32	
3926	32	
3927	32	
3931	33	
3932	33	
3933	33	
3934	33	
3935	33	
3936	33	
3937	33	
3938	33	
3939	33	
3940	33	
3941	34	
3942	34	
3943	34	
3944	34	
3945	34	
3946	34	
3947	34	
3948	34	
3949	34	
3950	34	
3951	35	
3952	35	
3953	35	
3954	35	
3955	35	
3956	35	
3957	35	
3958	35	
3959	35	
3960	35	
3961	35	
3962	36	
3963	36	
3964	36	
3965	36	
3966	36	
3967	36	
3968	36	
3969	36	
3975	36	
3976	36	
3977	37	
3981	37	
3982	37	
3983	37	
3984	37	
3985	37	
3986	37	
3987	37	
3994	37	
3995	37	
3996	37	
3997	38	
3998	38	
3999	38	
4000	38	
4001	38	
4002	38	
4003	38	
4004	38	
4005	38	
4007	38	
4008	38	
4009	38	
4010	38	
4011	39	
4012	39	
4013	39	
4014	39	
4015	39	
4016	39	
4017	39	
4018	39	
4019	39	
4020	39	
4021	39	
4022	39	
4023	39	
4024	40	
4025	40	
4026	40	
4027	40	
4028	40	
4029	40	
4030	40	
4031	40	
4032	40	
4033	40	
4034	40	
4035	41	
4036	41	
4037	41	
4038	41	
4039	41	
4040	41	
4041	41	
4042	41	
4043	41	
4044	41	
4045	41	
4046	41	
4047	41	
4048	42	
4049	42	
4050	42	
4051	42	
4052	42	
4053	42	
4054	42	
4055	42	
4056	42	
4058	42	
4059	42	
4060	42	
4061	42	
4066	43	
4067	43	
4068	43	
4069	43	
4070	43	
4071	43	
4072	43	
4073	43	
4074	43	
4075	43	
4076	43	
4077	43	
4078	43	
4079	43	
4080	43	
4081	44	
4082	44	
4083	44	
4084	44	
4085	44	
4086	44	
4087	44	
4088	44	
4089	44	
4090	44	
4091	44	
4092	44	
4093	44	
4143	45	
4144	45	
4145	45	
4146	45	
4147	45	
4148	45	
4149	45	
4150	45	
4151	45	
4152	45	
4153	45	
4154	45	
4155	45	
4156	45	
4157	45	
4158	45	
4159	45	
4160	46	
4163	46	
4164	46	
4165	46	
4166	46	
4169	46	
4170	46	
4171	46	
4174	46	
4175	46	
4177	46	
4178	46	
4179	46	
4180	46	
4181	46	
4186	47	
4187	47	
4188	47	
4189	47	
4190	47	
4191	47	
4192	47	
4193	47	
4195	47	
4196	47	
4197	47	
4198	47	
4199	48	
4200	48	
4201	48	
4202	48	
4203	48	
4204	48	
4205	48	
4206	48	
4207	48	
4215	48	
4216	48	
4217	48	
4218	48	
4219	48	
4221	49	
4222	49	
4223	49	
4224	49	
4225	49	
4226	49	
4230	49	
4231	49	
4232	49	
4233	49	
4234	49	
4235	49	
4236	49	
4237	49	
4238	49	
4239	49	
4240	49	
4241	49	
4242	49	
4243	49	
4244	50	
4245	50	
4246	50	
4247	50	
4248	50	
4249	50	
4250	50	
4251	50	
4252	50	
4253	50	
4254	50	
4255	50	
4256	50	
4257	50	
4258	51	
4259	51	
4260	51	
4263	51	
4264	51	
4265	51	
4266	51	
4267	51	
4268	51	
4269	51	
4270	51	
4271	51	
4272	51	
4273	52	
4274	52	
4275	52	
4276	52	
4277	52	
4278	52	
4279	52	
4280	52	
4281	52	
4282	52	
4283	52	
4284	52	
4285	53	
4286	53	
4287	53	
4288	53	
4289	53	
4290	53	
4291	53	
4292	53	
4293	53	
4294	53	
4295	54	
4296	54	
4297	54	
4298	54	
4299	54	
4300	54	
4301	54	
4302	54	
4303	54	
4306	54	
4307	54	
4308	54	
4310	55	
4313	55	
4316	55	
4317	55	
4318	55	
4319	55	
4320	55	
4321	55	
4322	55	
4323	55	
4324	55	
4325	55	
4326	55	
4329	55	
4330	56	
4331	56	
4332	56	
4333	56	
4334	56	
4335	56	
4336	56	
4337	56	
4338	56	
4339	56	
4340	56	
4341	56	
4342	57	
4343	57	
4344	57	
4345	57	
4346	57	
4347	57	
4348	57	
4349	57	
4350	57	
4351	57	
4352	57	
4353	58	
4354	58	
4355	58	
4356	58	
4357	58	
4358	58	
4359	58	
4360	58	
4361	58	
4362	58	
4363	58	
4364	58	
4365	58	
4366	58	
4367	58	
4368	59	
4369	59	
4370	59	
4372	59	
4373	59	
4374	59	
4392	59	
4393	59	
4394	59	
4395	59	
4396	59	
4397	59	
4398	59	
4399	59	
4400	59	
4401	59	
4402	59	
4403	59	
4404	59	
4405	59	
4406	59	
4439	60	
4440	60	
4441	60	
4442	60	
4450	60	
4467	60	
4468	60	
4469	60	
4470	60	
4471	60	
4472	60	
4473	60	
4474	60	
4475	60	
4476	60	
4477	61	
4478	61	
4479	61	
4480	61	
4481	61	
4482	61	
4483	61	
4484	61	
4485	61	
4486	61	
4487	61	
4488	62	
4489	62	
4491	62	
4492	62	
4493	62	
4496	62	
4497	62	
4498	62	
4499	62	
4500	62	
4501	62	
4502	62	
4503	63	
4504	63	
4505	63	
4506	63	
4507	63	
4508	63	
4509	63	
4510	63	
4511	63	
4512	63	
4513	63	
4514	64	
4515	64	
4516	64	
4517	64	
4518	64	
4519	64	
4520	64	
4521	64	
4522	64	
4523	64	
4524	64	
4525	64	
4526	65	
4527	65	
4528	65	
4529	65	
4530	65	
4531	65	
4532	65	
4533	65	
4534	65	
4535	65	
4536	65	
4537	65	
4538	66	
4539	66	
4540	66	
4541	66	
4542	66	
4543	66	
4544	66	
4545	66	
4546	66	
4547	66	
4548	66	
4549	66	
4550	67	
4551	67	
4552	67	
4553	67	
4554	67	
4555	67	
4556	67	
4557	67	
4558	67	
4559	67	
4560	67	
4561	68	
4562	68	
4563	68	
4564	68	
4565	68	
4566	68	
4567	68	
4568	68	
4569	68	
4570	68	
4571	69	
4572	69	
4575	69	
4576	69	
4577	69	
4578	69	
4579	69	
4580	69	
4581	69	
4582	69	
4583	69	
4584	69	
4585	70	
4586	70	
4587	70	
4588	70	
4589	70	
4590	70	
4591	70	
4592	70	
4593	70	
4594	70	
4595	70	
4596	71	
4606	71	
4607	71	
4609	71	
4612	71	
4613	71	
4614	71	
4615	71	
4616	71	
4617	71	
4618	71	
4619	71	
4620	71	
4621	71	
4622	71	
4623	71	
4624	71	
4625	71	
4626	71	
4627	71	
4628	71	
4629	71	
4630	71	
4631	71	
4632	72	
4633	72	
4634	72	
4635	72	
4636	72	
4637	72	
4655	72	
4656	72	
4657	72	
4658	72	
4659	72	
4660	72	
4661	72	
4662	73	
4663	73	
4664	73	
4665	73	
4666	73	
4667	73	
4668	73	
4669	73	
4670	73	
4671	73	
4672	73	
4673	73	
4674	73	
4677	74	
4678	74	
4679	74	
4680	74	
4681	74	
4682	74	
4683	74	
4684	74	
4687	74	
4688	74	
4689	74	
4691	74	
4692	74	
4693	74	
4694	74	
4695	74	
4696	75	
4697	75	
4698	75	
4699	75	
4700	75	
4701	75	
4702	75	
4703	75	
4704	75	
4705	75	
4706	75	
4707	75	
4721	75	
4722	76	
4723	76	
4724	76	
4725	76	
4726	76	
4727	76	
4728	76	
4729	76	
4730	76	
4731	76	
4732	76	
4733	76	
4734	76	
4735	77	
4736	77	
4737	77	
4738	77	
4739	77	
4740	77	
4741	77	
4742	77	
4743	77	
4744	77	
4745	77	
4746	78	
4747	78	
4748	78	
4749	78	
4750	78	
4751	78	
4752	78	
4753	78	
4754	78	
4755	78	
4756	79	
4757	79	
4758	79	
4759	79	
4760	79	
4761	79	
4762	79	
4763	79	
4764	79	
4765	79	
4766	79	
4767	79	
4768	79	
4769	79	
4770	80	
4771	80	
4772	80	
4773	80	
4774	80	
4775	80	
4776	80	
4777	80	
4778	80	
4779	80	
4780	80	
4781	81	
4782	81	
4783	81	
4784	81	
4785	81	
4786	81	
4787	81	
4788	81	
4789	81	
4790	81	
4796	82	
4797	82	
4798	82	
4799	82	
4800	82	
4801	82	
4802	82	
4803	82	
4804	82	
4805	82	
4809	83	
4812	83	
4813	83	
4814	83	
4815	83	
4816	83	
4817	83	
4818	83	
4819	83	
4820	83	
4821	83	
4824	84	
4825	84	
4826	84	
4827	84	
4828	84	
4829	84	
4830	84	
4831	84	
4832	84	
4833	84	
4834	84	
4835	84	
4836	85	
4837	85	
4838	85	
4839	85	
4840	85	
4841	85	
4843	85	
4844	85	
4845	85	
4846	85	
4847	85	
4848	86	
4849	86	
4850	86	
4851	86	
4852	86	
4853	86	
4854	86	
4855	86	
4860	86	
4861	86	
4862	86	
4863	86	
4864	86	
4865	87	
4867	87	
4868	87	
4871	88	
4872	88	
4873	88	
4874	88	
4875	88	
4876	88	
4877	88	
4878	88	
4879	89	
4880	89	
4881	89	
4882	89	
4883	89	
4884	89	
4885	89	
4886	89	
4887	89	
4889	90	
4890	90	
4891	90	
4892	90	
4893	90	
4894	90	
4895	90	
4897	90	
4898	90	
4899	90	
4903	91	
4904	91	
4905	91	
4906	91	
4907	91	
4908	91	
4910	91	
4911	91	
4916	91	
4917	91	
4918	92	
4919	92	
4920	92	
4921	92	
4922	92	
4923	92	
4924	92	
4925	92	
4926	92	
4927	93	
4928	93	
4929	93	
4930	93	
4931	93	
4932	93	
4933	93	
4934	93	
4935	93	
4936	94	
4971	94	
4972	94	
4973	94	
4974	94	
4975	94	
4976	94	
4977	94	
4978	94	
4979	94	
4980	94	
